1.7311041899703382e-06 3.4447283168019768e-06 0.00010085329250013309 0.00013168218718341286 9.31887235616453e-06 733 957 9 55.49821040811081 21.84305188425141
1.953230940357389e-06 3.072010777634094e-06 8.932237924751197e-06 0.00012803938212835008 5.1174015586819706e-05 64 931 51 70.94062896455414 32.88112702642932
1.613737302415586e-06 3.564061483700439e-06 7.363745647067723e-05 4.898907871208812e-05 3.209046845474902e-05 535 356 32 8.94874568434222 25.883394643953146
1.6657622698783508e-06 3.900846547108261e-06 5.5245709602889e-05 0.00011843305810334735 5.128850376195759e-06 401 861 5 82.33865654625417 13.406095605749034
1.9220130550723273e-06 3.4238500247469877e-06 8.247888519769168e-05 9.399178634235687e-05 6.53811999928977e-06 599 683 6 61.245058175739125 22.82748697485935
1.217302647386708e-06 3.606227556858676e-06 8.290462122503598e-05 4.195277845182257e-05 6.370825481625098e-05 602 305 63 66.05633803218691 73.60425393127669
1.2799873695117755e-06 3.610577294824262e-06 1.86471355480317e-05 0.00013278535982215285 5.777584205816705e-05 135 965 57 88.84997105631402 59.07699824131142
1.5488852664424644e-06 3.8262259077339235e-06 6.23760582793704e-05 6.846852307954838e-05 7.087856966456539e-05 453 497 70 13.376712688453193 64.11646626647818
1.3951060994714664e-06 3.8082761225559852e-06 0.00011567156375896318 0.00010417216820311787 9.48848546045762e-05 841 757 94 41.936710158532414 82.58602303175067
1.2606336518421088e-06 3.861931443338375e-06 2.7493909882761524e-05 0.00011541698450914957 3.3483215044839105e-05 199 839 33 53.064269915595844 32.03574548061287
