1.914619858502654e-06 3.14662365454975e-06 5.7655866521434145e-05 7.317709454925674e-05 2.068408360405176e-05 419 532 20 45.831898933881874 43.62732406583658
1.295156305584767e-06 3.8898746343979e-06 9.766655333079717e-05 8.749398048101537e-05 4.616209260182424e-06 710 636 4 5.461633449142205 71.6491069376896
1.141549756686642e-06 3.2191256962731184e-06 1.4790148696083362e-05 5.329679214918657e-05 6.9473473816041846e-06 107 387 6 22.073019463820735 68.32332249621435
1.5734662173027376e-06 3.231818936414829e-06 8.932243226519851e-05 4.18191179395255e-05 2.5899540145974373e-05 649 304 25 41.73480346703395 81.35883149217885
1.7569977406499895e-06 3.053206699192722e-06 9.995758220038331e-05 0.00010715870111445528 4.021146718229639e-05 726 779 40 74.65028571453901 28.617378908369048
1.2119170022102226e-06 3.5097792914524242e-06 2.1462808478733493e-05 1.3407517185590561e-05 4.663623451042968e-05 156 97 46 39.566357804372736 28.807494443376314
1.9333785658823653e-06 3.820365377124063e-06 0.00012052560795926965 6.816679950877278e-05 9.932911254802543e-05 876 495 99 25.60253759511953 60.171127887368904
1.6363857609380546e-06 3.505683395120423e-06 6.469891072357416e-05 2.1866148689505197e-05 1.8404463236709366e-05 470 159 18 71.97329550491264 47.75018930816986
1.1412446638256965e-06 3.921697875948093e-06 0.00012229697927519979 9.285983112055027e-05 7.90713863532678e-05 889 675 79 57.29073386801072 41.234517009792626
1.6676846772507043e-06 3.2047178498078397e-06 0.00010080757130594297 0.00010030315153088199 4.267012877787079e-07 733 729 0 67.53649996249905 3.667172017074467
